00
250.42
435
414
820
996
682
250.4
792
560
784
518
722
491
569
410
486
428
715
552
562
V53
574
250.6
434
530
786
250.02
359
298
250.11
386
592
250.7
280
426
225
162
295
250.8
780
276
496
348
431
447
733
648
427
198
250.82
296
572
294
9
532
235
440
453
527
584
824
443
529
238
933
433
404
466
250.1
997
873
153
507
840
550
721
38
781
185
540
458
461
536
402
730
403
197
211
643
154
515
714
423
490
575
432
535
789
481
250.13
286
493
441
250.81
787
571
590
807
157
557
577
959
398
599
V57
136
287
250.22
331
593
444
812
998
309
250.03
658
112
718
285
808
420
966
785
694
8
727
600
478
618
553
250.3
290
621
726
531
413
300
724
471
155
351
487
250
728
42
526
188
626
415
411
212
275
644
578
416
346
174
370
595
482
53
707
611
805
681
424
345
564
962
654
425
250.12
196
510
585
723
V54
576
V71
852
278
250.83
736
227
717
218
511
307
379
823
608
601
288
189
455
519
202
283
335
522
821
V45
620
716
913
152
782
173
35
882
705
436
303
880
47
V58
250.2
191
711
454
182
252
193
995
558
838
250.92
401
397
719
281
349
783
865
573
586
204
813
642
442
115
V56
945
291
437
192
385
184
459
801
378
465
293
233
274
250.43
516
456
756
566
357
355
245
816
695
304
470
311
922
438
216
512
242
652
537
738
528
241
737
661
851
794
205
E909
568
353
934
382
825
161
135
921
625
790
396
430
284
451
854
183
255
617
301
V55
646
151
969
263
220
332
897
312
253
556
567
555
729
375
660
250.41
843
680
446
374
464
924
323
965
641
292
492
799
250.31
804
282
333
690
603
289
475
734
891
860
338
691
405
513
656
514
596
310
250.01
485
340
524
79
250.32
815
844
751
421
500
394
594
534
614
683
88
633
494
474
250.23
199
417
696
710
883
163
10
868
156
665
200
358
445
958
659
822
277
591
180
250.21
955
226
327
244
376
627
693
952
261
853
5
759
429
610
142
473
989
935
674
299
999
850
616
239
230
480
521
862
810
457
893
735
802
866
655
664
250.52
831
194
34
604
11
879
972
936
306
201
383
237
581
384
